sta. XM       
Lat:24deg. 27min. N 
Lon:118deg. 40min. E  
units: mm
time: 1996-12-27~1997-12-31 (GMT)
missvaule: 9999
 199612271  870 1460 2510 3500 4480 5440 5920 5570 4520 3440 2740 2310
 199612272 2010 2230 3040 4000 4820 5450 5650 5120 3980 2850 2020 1320
 199612281  890 1110 1980 2990 3940 4950 5760 5870 5160 4060 3130 2530
 199612282 2110 1980 2480 3420 4330 5030 5530 5470 4640 3400 2410 1670
 199612291 1110  930 1460 2410 3330 4260 5170 5690 5450 4490 3400 2680
 199612292 2230 1910 2050 2720 3580 4340 5000 5340 5050 4090 2960 2110
 199612301 1510 1130 1220 1910 2800 3700 4630 5390 5610 5070 4000 3100
 199612302 2530 2120 1920 2280 3040 3850 4570 5100 5220 4660 3600 2650
 199612311 2000 1500 1280 1620 2440 3310 4130 4930 5470 5370 4580 3600
 199612312 2880 2380 2010 1960 2450 3190 3890 4480 4900 4910 4300 3280
 199701011 2460 1940 1580 1490 1930 2690 3450 4210 4900 5220 5010 4300
 199701012 3500 2920 2550 2250 2200 2620 3410 4230 4870 5250 5130 4500
 199701021 3680 3050 2600 2330 2350 2810 3670 4530 5160 5550 5520 5020
 199701022 4280 3640 3060 2530 2240 2350 2860 3510 4040 4460 4650 4490
 199701031 3960 3220 2620 2200 2010 2140 2580 3210 3800 4380 4800 4900
 199701032 4580 3880 3100 2510 2080 1790 1880 2380 3000 3600 4220 4670
 199701041 4700 4290 3560 2930 2560 2340 2280 2650 3350 4060 4720 5220
 199701042 5370 4980 4170 3360 2690 2150 1760 1760 2250 3010 3800 4540
 199701051 5120 5230 4780 3980 3330 2910 2570 2460 2750 3480 4320 5010
 199701052 5500 5600 5210 4470 3670 2950 2330 1880 1840 2410 3260 4100
 199701061 4890 5480 5680 5330 4630 3950 3390 2960 2710 2930 3630 4520
 199701062 5160 5590 5700 5220 4400 3570 2810 2150 1580 1500 2130 3060
 199701071 4020 4870 5530 5740 5260 4430 3610 2960 2460 2290 2670 3530
 199701072 4440 5180 5700 5780 5230 4240 3180 2300 1580 1170 1310 2090
 199701081 3200 4240 5260 5990 6110 5490 4460 3590 2960 2450 2280 2740
 199701082 3800 4830 5590 6070 5940 5140 4040 2990 2050 1220  810 1160
 199701091 2220 3330 4470 5570 6300 6200 5250 4050 3100 2380 1860 1890
 199701092 2660 3730 4720 5590 6130 5930 4910 3490 2370 1420  630  390
 199701101 1010 2110 3210 4420 5690 6490 6270 5100 3790 2840 2170 1730
 199701102 1860 2760 3890 4900 5790 6270 5880 4630 3230 2170 1180  440
 199701111  380 1140 2310 3430 4700 5920 6540 6100 4850 3570 2670 2000
 199701112 1600 1920 2960 4080 5050 5890 6240 5680 4300 3010 1980 1080
 199701121  460  600 1580 2680 3800 5030 6090 6450 5790 4390 3180 2350
 199701122 1740 1500 1980 3060 4120 5050 5860 6070 5400 4030 2730 1820
 199701131 1070  600  920 1920 2960 4010 5190 6090 6230 5370 4000 2890
 199701132 2170 1600 1440 2030 3080 4020 4880 5650 5830 5150 3740 2600
 199701141 1790 1170  870 1250 2200 3160 4170 5250 6030 6010 5050 3740
 199701142 2810 2200 1720 1600 2260 3350 4260 5150 5780 5770 4990 3790
 199701151 2890 2210 1650 1480 1940 2890 3850 4810 5630 5980 5600 4610
 199701152 3560 2750 2130 1680 1730 2390 3270 4040 4770 5300 5320 4680
 199701161 3660 2820 2230 1850 1720 2140 2930 3740 4580 5320 5680 5380
 199701162 4440 3420 2690 2130 1740 1760 2270 3010 3770 4490 5080 5240
 199701171 4780 3870 3060 2570 2260 2140 2470 3150 3930 4680 5260 5510
 199701172 5200 4350 3400 2680 2120 1690 1620 2060 2770 3460 4110 4730
 199701181 5050 4870 4160 3360 2820 2490 2330 2470 3030 3830 4610 5220
 199701182 5520 5310 4610 3690 2970 2400 1940 1730 2010 2760 3560 4270
 199701191 4880 5230 5090 4530 3730 3100 2630 2360 2460 2970 3700 4380
 199701192 4920 5270 5190 4560 3610 2690 2040 1520 1290 1620 2340 3010
 199701201 3820 4590 5190 5260 4700 3780 3030 2610 2340 2340 2810 3550
 199701202 4260 4900 5330 5280 4610 3530 2590 1890 1350 1140 1510 2260
 199701211 3070 3900 4800 5440 5470 4850 3900 3170 2680 2360 2450 3040
 199701212 3920 4780 5510 5880 5590 4720 3770 2950 2270 1760 1600 2090
 199701221 3050 4080 4990 5710 5980 5600 4820 4000 3340 2800 2490 2680
 199701222 3470 4370 5040 5510 5600 5100 4120 3070 2130 1400 1070 1260
 199701231 2010 2870 3770 4710 5480 5690 5190 4050 3020 2400 2050 2030
 199701232 2540 3340 4170 4930 5550 5680 4990 3720 2670 2050 1470 1120
 199701241 1550 2560 3650 4670 5700 6330 6000 4900 3870 3180 2640 2180
 199701242 2290 3130 4300 5180 5780 5980 5550 4520 3430 2560 1780 1250
 199701251 1300 2060 3130 4140 5090 5820 5940 5270 4200 3280 2640 2120
 199701252 1960 2480 3470 4370 5120 5660 5660 4920 3690 2600 1760 1160
 199701261  930 1400 2380 3310 4290 5230 5810 5620 4660 3480 2660 2120
 199701262 1780 1910 2620 3560 4440 5220 5660 5410 4350 3110 2190 1540
 199701271 1080 1130 1860 2820 3810 4800 5600 5840 5220 4040 3020 2390
 199701272 1890 1690 2110 3030 3940 4740 5370 5530 4940 3730 2630 1920
 199701281 1360 1110 1490 2360 3260 4210 5110 5700 5550 4620 3440 2630
 199701282 2100 1700 1740 2460 3390 4160 4900 5400 5310 4450 3260 2390
 199701291 1800 1360 1360 1990 2890 3780 4650 5380 5610 5090 3970 3000
 199701292 2390 1920 1670 1970 2780 3580 4330 4960 5310 5010 4060 3000
 199701301 2300 1860 1580 1750 2480 3340 4130 4880 5430 5390 4670 3570
 199701302 2760 2210 1790 1700 2150 2880 3620 4290 4860 5040 4590 3680
 199701311 2790 2250 1920 1790 2160 2870 3680 4440 5120 5500 5270 4440
 199701312 3540 2860 2360 2050 2090 2570 3380 4210 4900 5310 5210 4660
 199702011 3920 3320 2860 2520 2450 2810 3590 4360 4990 5410 5450 5050
 199702012 4290 3550 2870 2310 1970 2050 2580 3320 3960 4520 4950 5060
 199702021 4660 3920 3290 2830 2530 2490 2800 3460 4200 4860 5350 5480
 199702022 5090 4370 3640 3060 2540 2180 2160 2610 3300 4100 4820 5250
 199702031 5390 5090 4570 4010 3600 3110 2930 3110 3740 4440 4980 5360
 199702032 5510 5300 4710 3970 3330 2730 2160 1960 2320 2930 3690 4450
 199702041 5140 5530 5390 4740 4040 3470 2970 2600 2620 3130 3920 4670
 199702042 5250 5570 5380 4650 3700 2870 2120 1550 1320 1650 2440 3340
 199702051 4260 5100 5710 5720 5060 4020 3200 2670 2340 2300 2870 3790
 199702052 4680 5400 5820 5720 4950 3750 2830 2070 1360 1060 1470 2460
 199702061 3450 4450 5480 6190 6080 5250 4160 3370 2740 2270 2250 2900
 199702062 3950 4990 5770 6190 5980 5000 3790 2800 1910 1180  900 1450
 199702071 2600 3720 4850 5910 6550 6200 5030 3870 3020 2390 1990 2140
 199702072 3050 4120 5130 5920 6350 6000 4810 3540 2440 1530  790  700
 199702081 1530 2660 3770 4930 6120 6670 6150 4780 3570 2730 2060 1660
 199702082 2030 3070 4200 5210 6130 6510 5990 4610 3290 2240 1320  590
 199702091  710 1700 2820 4020 5330 6440 6720 5870 4370 3180 2350 1650
 199702092 1410 2020 3180 4220 5300 6230 6500 5770 4310 3040 2050 1130
 199702101  590  940 2010 3080 4260 5510 6510 6490 5350 3940 2860 2070
 199702102 1430 1350 2150 3270 4330 5390 6260 6400 5520 4120 2860 2020
 199702111 1230  900 1430 2620 3760 4950 6080 6650 6170 4910 3710 2760
 199702112 1990 1450 1630 2630 3820 4790 5690 6240 6040 5020 3770 2790
 199702121 2010 1370 1290 2030 3130 4130 5150 6010 6190 5520 4360 3290
 199702122 2390 1710 1390 1700 2610 3550 4510 5400 5870 5610 4640 3550
 199702131 2680 2050 1610 1650 2340 3340 4320 5270 5950 5960 5170 4010
 199702132 3100 2390 1770 1660 1860 2790 3720 4540 5300 5700 5400 4520
 199702141 3550 2910 2460 2140 2130 2740 3720 4640 5380 5750 5580 4810
 199702142 3840 3020 2340 1850 1700 2100 2880 3650 4360 4990 5310 5050
 199702151 4310 3490 2930 2550 2270 2360 2900 3670 4400 5020 5400 5280
 199702152 4600 3690 2970 2380 1950 1770 2050 2710 3420 4060 4640 5020
 199702161 5010 4590 3960 3420 3080 2910 2930 3200 3780 4580 5120 5380
 199702162 5300 4850 4220 3550 2940 2430 2180 2260 2720 3420 4090 4690
 199702171 5050 5140 4840 4260 3700 3190 2910 2770 2950 3500 4130 4670
 199702172 5020 5020 4660 4010 3300 2600 2040 1690 1770 2240 2840 3500
 199702181 4170 4800 5130 4930 4300 3540 3000 2640 2470 2590 3090 3770
 199702182 4460 5000 5240 5000 4270 3340 2580 2010 1620 1590 2030 2800
 199702191 3660 4540 5250 5560 5270 4520 3710 3070 2640 2390 2550 3180
 199702192 4020 4770 5290 5430 5030 4120 3160 2340 1690 1330 1430 2050
 199702201 2890 3690 4540 5260 5510 5070 4070 3070 2460 2110 2000 2380
 199702202 3100 3850 4540 5100 5270 4740 3630 2520 1780 1290 1050 1370
 199702211 2120 2970 3860 4800 5520 5580 4840 3670 2790 2290 1960 1990
 199702212 2580 3540 4450 5230 5720 5560 4660 3450 2530 1820 1350 1270
 199702221 1860 2890 3910 4890 5710 6010 5530 4440 3410 2690 2170 1920
 199702222 2260 3170 4180 5020 5630 5760 5200 4070 2980 2130 1420 1120
 199702231 1450 2300 3240 4180 5110 5810 5780 4900 3670 2730 2110 1710
 199702232 1720 2430 3410 4320 5130 5730 5690 4780 3430 2410 1710 1190
 199702241 1090 1670 2620 3600 4590 5510 5910 5410 4130 2960 2230 1720
 199702242 1490 1860 2780 3740 4630 5450 5810 5350 4110 2840 2030 1440
 199702251 1070 1350 2230 3130 4080 5050 5740 5680 4720 3390 2420 1810
 199702252 1420 1460 2140 3090 4000 4900 5580 5620 4810 3490 2430 1780
 199702261 1330 1220 1800 2710 3650 4580 5450 5800 5330 4110 2920 2170
 199702262 1640 1390 1720 2600 3560 4520 5370 5830 5460 4340 3130 2360
 199702271 1820 1480 1690 2510 3470 4370 5200 5790 5650 4700 3470 2570
 199702272 1980 1530 1480 2120 3060 3950 4770 5460 5580 4920 3720 2750
 199702281 2150 1740 1590 2040 2900 3770 4620 5340 5610 5160 4050 2970
 199702282 2260 1720 1410 1620 2370 3200 4010 4840 5460 5420 4640 3550
 199703011 2760 2310 1970 2010 2650 3580 4460 5210 5710 5650 4920 3880
 199703012 3090 2510 1980 1770 2130 2960 3860 4640 5280 5550 5230 4420
 199703021 3570 3010 2620 2400 2540 3130 3950 4710 5290 5510 5200 4430
 199703022 3640 3000 2430 1970 1830 2220 2970 3720 4410 4990 5280 5070
 199703031 4440 3800 3270 2850 2630 2820 3410 4140 4810 5310 5480 5210
 199703032 4560 3820 3120 2480 1970 1810 2080 2710 3390 4070 4710 5090
 199703041 5040 4550 3840 3240 2800 2530 2570 2980 3590 4200 4720 5030
 199703042 5010 4520 3730 2920 2250 1730 1470 1630 2140 2790 3510 4240
 199703051 4880 5140 4860 4130 3310 2740 2430 2300 2530 3050 3730 4380
 199703052 4870 5110 4870 4070 3060 2250 1630 1230 1220 1720 2450 3240
 199703061 4070 4890 5430 5320 4520 3480 2710 2210 1940 2090 2680 3440
 199703062 4180 4860 5320 5230 4400 3180 2190 1500 1010  920 1460 2280
 199703071 3150 4150 5160 5820 5660 4670 3430 2570 2010 1700 1880 2610
 199703072 3520 4430 5240 5810 5660 4630 3250 2220 1460  860  780 1500
 199703081 2510 3510 4640 5740 6260 5800 4490 3230 2370 1780 1430 1780
 199703082 2750 3770 4700 5620 6150 5780 4490 3070 2050 1220  600  690
 199703091 1620 2650 3710 4940 6030 6340 5540 4010 2780 1990 1360 1140
 199703092 1770 2830 3800 4870 5870 6320 5710 4210 2790 1820 1040  530
 199703101  870 1860 2860 3970 5260 6240 6240 5100 3510 2380 1570  970
 199703102  970 1840 2880 3900 5030 6050 6350 5520 3930 2640 1730 1000
 199703111  640 1200 2280 3290 4460 5670 6380 6010 4600 3120 2110 1370
 199703112  860 1050 2060 3160 4250 5440 6320 6290 5150 3590 2530 1730
 199703121 1090  970 1750 2840 3840 4960 5960 6230 5430 3940 2680 1850
 199703122 1180  840 1300 2350 3310 4340 5440 6130 5890 4670 3320 2390
 199703131 1730 1260 1380 2240 3220 4180 5170 5920 5890 4910 3480 2460
 199703132 1720 1110  970 1610 2560 3490 4500 5480 5910 5470 4260 3150
 199703141 2400 1870 1540 1810 2650 3530 4410 5200 5660 5420 4370 3150
 199703142 2290 1670 1230 1250 1920 2730 3550 4480 5290 5610 5150 4130
 199703151 3170 2590 2160 1940 2310 3110 3950 4770 5440 5640 5150 4090
 199703152 3160 2500 1960 1590 1730 2460 3300 4070 4790 5360 5450 4950
 199703161 4100 3440 3010 2680 2540 2880 3620 4340 4960 5320 5340 4880
 199703162 4100 3330 2670 2190 1960 2080 2670 3510 4250 4790 5110 5160
 199703171 4880 4330 3690 3180 2900 2810 3080 3620 4250 4760 5030 5060
 199703172 4720 4160 3500 2890 2390 2100 2120 2540 3160 3760 4380 4890
 199703181 5090 4910 4380 3760 3280 2930 2690 2730 3160 3780 4330 4720
 199703182 4880 4730 4220 3480 2770 2290 1960 1880 2180 2780 3450 4060
 199703191 4690 5100 5050 4600 3920 3260 2780 2510 2450 2800 3440 4030
 199703192 4620 5030 5030 4510 3700 2980 2440 2050 1830 2020 2630 3400
 199703201 4170 4890 5400 5410 4870 4010 3300 2810 2410 2300 2700 3400
 199703202 4150 4770 5230 5280 4740 3840 2950 2330 1870 1610 1840 2670
 199703211 3590 4390 5100 5530 5410 4720 3700 2910 2400 2030 2070 2630
 199703212 3500 4210 4880 5350 5360 4660 3530 2620 2070 1670 1610 2080
 199703221 2950 3800 4670 5450 5790 5350 4330 3340 2710 2290 2030 2310
 199703222 3050 3920 4820 5540 5780 5360 4340 3400 2650 2030 1580 1770
 199703231 2630 3700 4650 5460 5940 5680 4860 3860 3030 2390 1940 1930
 199703232 2630 3630 4600 5380 5900 5850 5120 4070 3090 2420 1940 1770
 199703241 2260 3340 4350 5250 5960 6100 5460 4430 3480 2740 2070 1720
 199703242 2080 3080 4150 5070 5800 6000 5520 4420 3340 2440 1800 1420
 199703251 1660 2580 3540 4440 5290 5830 5670 4700 3420 2410 1740 1300
 199703252 1370 2120 3080 4030 4990 5780 5900 5120 3750 2650 1960 1480
 199703261 1340 1910 2800 3720 4690 5530 5910 5380 4080 2810 2050 1520
 199703262 1190 1530 2490 3510 4570 5530 6060 5780 4650 3380 2540 2000
 199703271 1570 1680 2530 3570 4560 5440 5980 5720 4690 3460 2550 1860
 199703272 1360 1350 2030 3090 4080 5040 5840 6040 5330 4080 3010 2320
 199703281 1840 1630 2130 3090 4000 4820 5540 5790 5240 3970 2770 2020
 199703282 1450 1150 1470 2350 3210 4090 5030 5720 5690 4770 3430 2620
 199703291 2160 1850 1840 2450 3250 4070 4840 5410 5440 4620 3300 2340
 199703292 1760 1300 1140 1630 2430 3280 4210 5110 5590 5320 4340 3280
 199703301 2630 2220 1920 2090 2800 3630 4460 5140 5520 5290 4390 3270
 199703302 2480 1920 1460 1440 2060 2980 3910 4810 5530 5740 5260 4320
 199703311 3470 2950 2570 2350 2590 3340 4220 4880 5340 5430 4980 4120
 199703312 3220 2470 1920 1550 1650 2230 3020 3760 4460 5080 5310 5020
 199704011 4190 3400 2840 2470 2330 2570 3140 3790 4360 4790 4960 4710
 199704012 3990 3100 2370 1900 1580 1560 1970 2550 3240 3960 4680 5100
 199704021 4990 4390 3550 2960 2600 2310 2360 2810 3400 3950 4450 4740
 199704022 4700 4200 3370 2570 2010 1590 1440 1730 2340 2980 3740 4520
 199704031 5090 5230 4780 3930 3170 2640 2280 2180 2510 3140 3810 4470
 199704032 4990 5180 4840 3920 2930 2220 1690 1370 1540 2170 2930 3780
 199704041 4700 5450 5700 5230 4170 3190 2540 2070 1830 2120 2830 3610
 199704042 4400 5080 5490 5260 4240 3060 2240 1650 1180 1240 2000 2910
 199704051 3820 4820 5740 6030 5460 4230 3160 2450 1840 1530 1920 2880
 199704052 3810 4740 5590 5990 5590 4400 3170 2320 1530 1000 1150 2060
 199704061 3100 4060 5130 6020 6150 5290 3930 2810 2020 1350 1190 1790
 199704062 2850 3810 4810 5770 6220 5640 4220 2970 2090 1340  860 1210
 199704071 2260 3250 4300 5410 6190 6040 4880 3380 2360 1590  960  970
 199704072 1850 2890 3890 5050 6050 6320 5490 3940 2720 1900 1170  820
 199704081 1400 2480 3440 4560 5660 6240 5730 4290 2880 1950 1170  670
 199704082  930 1960 2960 4070 5320 6260 6280 5170 3660 2610 1870 1250
 199704091 1150 1920 3010 4060 5200 6130 6310 5340 3850 2660 1840 1050
 199704092  690 1250 2450 3570 4730 5920 6580 6140 4790 3510 2660 1960
 199704101 1370 1560 2530 3660 4670 5520 6120 5860 4660 3220 2260 1470
 199704102  820  790 1610 2680 3670 4740 5790 6190 5530 4220 3100 2390
 199704111 1780 1450 1830 2800 3750 4630 5430 5820 5330 4050 2800 1960
 199704112 1310  860 1020 1860 2800 3780 4840 5730 5910 5170 3970 3060
 199704121 2480 1960 1790 2300 3170 4020 4840 5440 5540 4880 3660 2600
 199704122 1880 1300 1040 1430 2250 3030 3940 4890 5530 5520 4760 3700
 199704131 2930 2480 2140 2110 2620 3340 4050 4690 5160 5120 4400 3270
 199704132 2410 1860 1440 1280 1720 2390 3110 3910 4720 5190 5090 4440
 199704141 3560 3020 2620 2280 2280 2750 3440 4110 4660 4990 4860 4200
 199704142 3290 2520 2010 1650 1610 2000 2620 3290 4020 4690 5060 4950
 199704151 4330 3570 3060 2740 2530 2570 2970 3580 4170 4690 4950 4810
 199704152 4230 3470 2800 2310 1990 1930 2250 2890 3590 4240 4800 5090
 199704161 4960 4470 3890 3350 2910 2640 2580 2900 3490 4080 4530 4790
 199704162 4750 4320 3660 2990 2470 2100 1940 2160 2710 3310 3880 4480
 199704171 4940 5000 4600 3950 3320 2870 2510 2340 2550 3050 3640 4200
 199704172 4650 4830 4560 3880 3080 2470 2070 1840 1920 2450 3040 3700
 199704181 4440 5000 5170 4790 3960 3210 2650 2220 2000 2230 2820 3480
 199704182 4140 4760 5100 4870 4110 3220 2600 2130 1810 1880 2500 3270
 199704191 4060 4820 5440 5530 4930 3950 3100 2530 2060 1870 2290 3070
 199704192 3890 4620 5210 5420 4980 4010 3060 2370 1910 1680 1950 2730
 199704201 3550 4330 5080 5560 5350 4470 3420 2630 2070 1650 1660 2310
 199704202 3140 3920 4770 5460 5530 4790 3630 2690 2130 1700 1570 2120
 199704211 2950 3750 4630 5400 5660 5110 3960 2870 2210 1680 1360 1700
 199704212 2540 3410 4330 5230 5770 5530 4510 3340 2590 2080 1700 1790
 199704221 2560 3510 4430 5270 5830 5750 4840 3610 2710 2060 1570 1490
 199704222 2160 3240 4300 5240 5990 6100 5380 4210 3220 2530 1980 1760
 199704231 2260 3270 4320 5210 5890 6050 5400 4230 3190 2380 1680 1370
 199704232 1710 2700 3790 4850 5780 6300 6010 4980 3810 2970 2350 1900
 199704241 1960 2770 3870 4820 5610 6060 5830 4860 3560 2550 1800 1240
 199704242 1160 1900 3030 4050 5070 5990 6280 5620 4380 3310 2630 2080
 199704251 1780 2210 3250 4270 5160 5870 6070 5410 4170 3000 2130 1480
 199704252 1060 1330 2310 3410 4450 5470 6220 6130 5130 3880 3000 2450
 199704261 1970 1900 2610 3670 4600 5360 5870 5740 4840 3520 2480 1750
 199704262 1180  970 1580 2550 3520 4530 5530 6090 5780 4610 3460 2790
 199704271 2250 1870 2060 2890 3740 4540 5270 5700 5440 4320 2980 2120
 199704272 1540 1020 1050 1770 2630 3540 4590 5530 5910 5440 4280 3220
 199704281 2650 2220 1950 2300 3070 3870 4620 5240 5470 5030 3890 2740
 199704282 2000 1480 1110 1290 1990 2790 3660 4640 5410 5640 5100 4060
 199704291 3150 2650 2250 2090 2480 3160 3870 4530 5000 5150 4700 3710
 199704292 2680 2010 1580 1270 1470 2100 2830 3660 4520 5200 5420 5000
 199704301 4080 3250 2740 2330 2170 2490 3130 3790 4420 4900 5030 4690
 199704302 3830 2890 2180 1690 1340 1470 2110 2880 3650 4510 5280 5540
 199705011 5160 4280 3480 2930 2460 2150 2340 2960 3690 4330 4850 5170
 199705012 4930 4180 3210 2450 1900 1480 1450 1960 2680 3460 4290 5040
 199705021 5450 5220 4460 3520 2810 2280 1900 1950 2500 3170 3830 4520
 199705022 5030 5100 4550 3570 2670 2060 1610 1390 1760 2460 3220 4070
 199705031 4980 5590 5530 4700 3600 2790 2190 1690 1620 2150 2920 3720
 199705032 4550 5280 5570 5090 3920 2840 2160 1610 1300 1650 2500 3320
 199705041 4260 5200 5800 5680 4690 3460 2560 1910 1400 1350 1970 2800
 199705042 3640 4560 5420 5770 5220 4000 2830 2140 1570 1260 1640 2490
 199705051 3420 4400 5360 5970 5730 4600 3260 2300 1640 1070 1130 1960
 199705052 2900 3870 4960 5860 6110 5330 4000 2900 2150 1570 1370 1880
 199705061 2900 3810 4750 5650 6050 5560 4160 2780 1890 1230  790 1100
 199705062 1960 2860 3890 5040 5980 6080 5130 3750 2790 2130 1590 1520
 199705071 2170 3130 4040 4990 5820 5950 5110 3610 2410 1600  950  680
 199705072 1180 2150 3060 4240 5410 6170 5960 4750 3380 2540 2010 1540
 199705081 1630 2460 3390 4290 5200 5820 5700 4580 3130 2100 1350  800
 199705082  750 1540 2500 3570 4860 6070 6600 6040 4690 3560 2820 2220
 199705091 1870 2160 3200 4310 5290 5980 6130 5510 4350 3170 2160 1370
 199705092  920 1130 2120 3300 4290 5310 6110 6150 5250 4070 3090 2440
 199705101 1960 1860 2480 3430 4320 5060 5630 5670 4900 3550 2400 1640
 199705102 1060  850 1370 2200 3080 4110 5190 5910 5850 4930 3670 2910
 199705111 2390 1980 2000 2630 3460 4250 4970 5430 5300 4400 3180 2220
 199705112 1580 1130 1070 1650 2450 3340 4300 5240 5750 5460 4480 3460
 199705121 2820 2380 2120 2280 2920 3670 4400 5000 5270 4910 3940 2880
 199705122 2120 1580 1250 1380 2000 2720 3540 4440 5150 5420 5020 4140
 199705131 3300 2770 2380 2180 2420 3000 3670 4310 4800 4970 4600 3750
 199705132 2830 2180 1730 1490 1690 2280 2960 3730 4490 5070 5200 4720
 199705141 3900 3190 2740 2400 2250 2500 3060 3660 4210 4620 4710 4330
 199705142 3600 2810 2250 1880 1710 1900 2430 3050 3710 4380 4850 4960
 199705151 4570 3880 3230 2740 2380 2270 2470 2940 3480 3970 4400 4560
 199705152 4310 3690 2940 2410 2070 1880 2010 2440 3010 3650 4290 4780
 199705161 4920 4610 3920 3240 2760 2400 2200 2330 2770 3330 3890 4370
 199705162 4620 4480 3920 3220 2640 2220 2010 2140 2610 3260 3910 4600
 199705171 5110 5240 4860 4140 3440 2880 2400 2200 2360 2840 3510 4170
 199705172 4720 5050 4930 4280 3470 2830 2370 2090 2130 2640 3370 4060
 199705181 4680 5130 5190 4720 3860 3040 2450 2000 1790 2050 2650 3310
 199705182 3950 4630 5040 4930 4210 3300 2620 2200 1940 2040 2570 3260
 199705191 3990 4700 5220 5290 4650 3620 2690 2140 1720 1580 1960 2690
 199705192 3460 4280 5080 5500 5200 4280 3340 2680 2180 1910 2130 2870
 199705201 3740 4630 5380 5750 5420 4470 3400 2600 1940 1470 1520 2240
 199705202 3150 4020 4920 5670 5830 5200 4120 3200 2570 2080 1900 2380
 199705211 3280 4140 4940 5630 5790 5160 4020 3010 2230 1560 1220 1590
 199705212 2530 3490 4400 5360 6070 5910 4920 3780 2980 2420 1970 2020
 199705221 2780 3740 4580 5340 5810 5600 4640 3430 2470 1690 1110 1060
 199705222 1770 2840 3810 4850 5830 6240 5710 4520 3390 2710 2180 1820
 199705231 2220 3140 4100 4940 5670 5970 5390 4140 2990 2140 1360  910
 199705232 1110 2060 3120 4160 5310 6220 6270 5330 4090 3180 2590 2060
 199705241 1890 2540 3560 4480 5300 5890 5840 4970 3650 2560 1760 1080
 199705242  820 1360 2420 3410 4500 5670 6470 6250 5090 3870 3090 2470
 199705251 1990 2060 2920 4010 4940 5680 6030 5650 4520 3300 2310 1490
 199705252  880  910 1740 2750 3680 4730 5790 6260 5810 4600 3460 2750
 199705261 2210 1890 2200 3070 3960 4760 5450 5750 5310 4140 2890 2040
 199705262 1420  930 1070 1870 2790 3790 4920 5880 6190 5560 4350 3340
 199705271 2720 2220 1960 2420 3290 4160 4930 5550 5700 5110 3930 2860
 199705272 2100 1480 1090 1310 2170 3100 4060 5130 5970 6120 5390 4230
 199705281 3360 2820 2280 2040 2490 3390 4250 4970 5520 5610 5020 3920
 199705282 2940 2210 1610 1260 1600 2440 3280 4190 5170 5930 5980 5220
 199705291 4170 3390 2830 2300 2110 2550 3350 4130 4830 5370 5470 4940
 199705292 3920 3000 2310 1770 1430 1690 2480 3300 4140 5030 5750 5820
 199705301 5120 4110 3290 2710 2180 1920 2290 3030 3750 4420 5030 5340
 199705302 5010 4060 3110 2460 1960 1540 1660 2360 3110 3880 4740 5500
 199705311 5700 5160 4140 3230 2600 2050 1710 1970 2650 3420 4150 4890
 199705312 5380 5260 4460 3440 2660 2100 1680 1690 2300 3080 3900 4770
 199706011 5520 5720 5220 4160 3160 2460 1860 1480 1690 2420 3160 3930
 199706012 4780 5450 5510 4820 3690 2810 2230 1820 1730 2260 3070 3910
 199706021 4790 5590 5890 5370 4170 3110 2360 1720 1320 1580 2380 3250
 199706022 4120 5120 5850 5900 5080 3910 3030 2400 1890 1760 2350 3350
 199706031 4280 5090 5810 5960 5240 3980 2880 2090 1400 1030 1410 2360
 199706032 3250 4190 5250 6030 5990 5030 3830 2960 2330 1840 1810 2510
 199706041 3460 4360 5210 5860 5850 4980 3590 2500 1750 1060  800 1410
 199706042 2390 3290 4360 5500 6200 5980 4870 3650 2880 2290 1830 1920
 199706051 2740 3690 4600 5440 5960 5740 4620 3220 2240 1500  870  800
 199706052 1590 2540 3470 4620 5720 6240 5780 4540 3380 2680 2130 1770
 199706061 2110 2970 3840 4770 5550 5880 5380 4120 2750 1880 1210  690
 199706062  830 1780 2690 3660 4860 5930 6240 5490 4210 3230 2620 2100
 199706071 1870 2400 3290 4200 5060 5670 5720 4910 3560 2370 1530  930
 199706072  680 1160 2040 2940 3990 5140 5890 5840 4900 3650 2820 2240
 199706081 1870 1980 2630 3440 4240 4980 5460 5260 4270 3000 2000 1310
 199706082  860  860 1470 2300 3210 4300 5330 5870 5570 4540 3370 2660
 199706091 2220 1970 2170 2880 3750 4620 5360 5660 5210 4060 2880 2070
 199706092 1470 1080 1250 2030 2950 3880 4860 5660 5850 5190 4050 3130
 199706101 2600 2190 2010 2430 3210 4000 4750 5360 5460 4820 3680 2600
 199706102 1950 1510 1290 1700 2580 3480 4400 5300 5830 5660 4780 3750
 199706111 3080 2650 2310 2310 2870 3650 4390 4970 5320 5150 4360 3380
 199706112 2600 2030 1610 1540 2130 2960 3740 4550 5270 5600 5280 4460
 199706121 3610 3040 2590 2260 2350 2930 3650 4300 4840 5140 4950 4210
 199706122 3320 2600 2110 1820 1890 2440 3150 3910 4660 5250 5430 5080
 199706131 4270 3540 2990 2550 2290 2440 3040 3730 4300 4800 5060 4850
 199706132 4160 3400 2760 2290 2050 2210 2750 3450 4140 4780 5310 5440
 199706141 5000 4240 3530 2990 2540 2310 2500 3090 3740 4330 4830 5040
 199706142 4820 4180 3470 2870 2490 2230 2360 2910 3630 4290 4870 5280
 199706151 5280 4840 4090 3370 2830 2380 2150 2350 2910 3590 4210 4730
 199706152 5010 4890 4280 3560 3000 2570 2300 2370 2870 3570 4220 4800
 199706161 5240 5300 4820 4000 3220 2630 2150 1890 2080 2690 3380 4070
 199706162 4740 5200 5120 4510 3680 3050 2610 2330 2370 2860 3520 4230
 199706171 4870 5340 5400 4870 3940 3060 2440 1950 1710 1990 2650 3420
 199706172 4200 4980 5500 5380 4650 3720 3050 2610 2280 2330 2870 3650
 199706181 4420 5080 5540 5480 4750 3700 2760 2110 1620 1430 1890 2680
 199706182 3490 4370 5220 5750 5530 4600 3600 2900 2440 2140 2320 2990
 199706191 3780 4540 5230 5650 5450 4500 3270 2350 1690 1220 1220 1860
 199706192 2690 3600 4610 5570 6010 5550 4430 3350 2720 2270 2040 2380
 199706201 3130 3940 4730 5470 5740 5260 4040 2850 1970 1290  880 1120
 199706202 1930 2830 3810 4970 5940 6160 5430 4190 3200 2580 2100 1930
 199706211 2480 3370 4240 5100 5760 5830 5050 3720 2490 1630  980  690
 199706212 1180 2100 3040 4160 5420 6270 6190 5120 3820 2960 2340 1910
 199706221 1990 2730 3660 4560 5390 5930 5760 4680 3270 2210 1400  810
 199706222  720 1420 2370 3420 4620 5790 6410 6040 4800 3610 2880 2280
 199706231 1890 2150 3060 4000 4870 5690 6080 5640 4310 3000 2060 1240
 199706232  690  810 1670 2640 3670 4910 6060 6500 5860 4560 3500 2780
 199706241 2180 1850 2230 3220 4180 5110 5820 6040 5350 4040 2790 1940
 199706242 1190  730 1050 1970 2890 3920 5100 6080 6320 5560 4220 3180
 199706251 2530 2010 1830 2390 3280 4200 5010 5670 5810 5120 3840 2690
 199706252 1910 1280  950 1340 2220 3120 4130 5300 6160 6200 5280 4050
 199706261 3130 2500 2000 1870 2490 3440 4340 5190 5830 5860 5080 3850
 199706262 2770 2080 1510 1210 1660 2630 3550 4530 5580 6250 6060 5050
 199706271 3880 3080 2460 1940 1890 2560 3430 4250 5040 5690 5750 5010
 199706272 3880 2950 2260 1710 1490 1960 2790 3620 4560 5520 6090 5890
 199706281 4920 3810 3010 2370 1850 1800 2390 3200 3990 4800 5490 5680
 199706282 5100 4060 3120 2480 1990 1730 2120 2900 3740 4590 5400 5870
 199706291 5690 4820 3710 2860 2220 1750 1660 2180 2940 3700 4560 5300
 199706292 5580 5150 4240 3270 2580 2140 1890 2140 2860 3670 4480 5240
 199706301 5700 5510 4670 3640 2760 2110 1590 1470 1930 2680 3440 4290
 199706302 4960 5450 5280 4440 3470 2790 2330 2050 2160 2770 3580 4340
 199707011 5020 5540 5470 4720 3580 2660 2010 1420 1210 1630 2390 3160
 199707012 3950 4870 5480 5440 4680 3620 2810 2310 2040 2150 2700 3490
 199707021 4270 4990 5510 5430 4620 3430 2520 1730 1210 1040 1500 2320
 199707022 3120 4000 4970 5660 5550 4660 3620 2850 2330 1990 2060 2730
 199707031 3550 4340 5080 5520 5290 4350 3150 2200 1540 1050  970 1500
 199707032 2360 3250 4240 5210 5800 5570 4570 3480 2750 2280 1980 2240
 199707041 2910 3660 4500 5210 5550 5190 4120 2920 2000 1300  900 1070
 199707042 1750 2590 3500 4570 5560 5930 5440 4290 3290 2630 2180 2000
 199707051 2380 3150 4030 4860 5530 5700 5090 3840 2620 1750 1110  820
 199707052 1150 2000 2910 3910 5020 5860 5940 5110 3860 2980 2390 1970
 199707061 1910 2510 3360 4230 5040 5560 5460 4540 3250 2220 1500  960
 199707062  850 1450 2260 3150 4230 5290 5890 5650 4600 3430 2730 2220
 199707071 1920 2120 2820 3680 4610 5360 5710 5270 4150 2940 2020 1360
 199707072  980 1120 1860 2780 3740 4820 5740 5980 5290 4120 3120 2510
 199707081 2070 1920 2420 3240 4120 4930 5540 5630 4930 3720 2610 1840
 199707082 1270 1090 1520 2360 3250 4250 5260 5880 5720 4770 3640 2830
 199707091 2310 1980 2050 2720 3550 4410 5150 5590 5370 4440 3300 2380
 199707092 1750 1350 1380 1990 2870 3780 4740 5580 5870 5370 4330 3310
 199707101 2630 2150 1940 2240 2980 3830 4610 5230 5450 5000 4000 2970
 199707102 2230 1730 1410 1640 2400 3260 4080 4960 5610 5600 4830 3760
 199707111 2950 2430 1980 1900 2390 3160 3900 4590 5100 5160 4580 3640
 199707112 2760 2160 1760 1650 2030 2810 3570 4320 5030 5410 5200 4400
 199707121 3490 2810 2310 1980 2020 2560 3270 4000 4660 5110 5060 4430
 199707122 3530 2760 2230 1910 1920 2380 3090 3870 4650 5200 5330 4930
 199707131 4130 3300 2680 2230 1990 2120 2610 3290 3970 4580 4950 4870
 199707132 4270 3480 2800 2350 2120 2180 2630 3300 3980 4650 5150 5220
 199707141 4770 3980 3190 2580 2130 1960 2100 2610 3230 3920 4530 4880
 199707142 4800 4270 3550 2890 2440 2210 2270 2640 3290 3970 4610 5050
 199707151 5140 4730 3950 3140 2490 2010 1740 1890 2420 3090 3800 4510
 199707152 4990 5000 4490 3780 3090 2590 2290 2300 2670 3270 3920 4560
 199707161 5040 5160 4790 3990 3130 2360 1820 1550 1680 2200 2890 3650
 199707162 4430 5070 5280 4840 4050 3250 2670 2290 2250 2570 3200 3950
 199707171 4700 5230 5330 4840 3980 3030 2170 1510 1230 1460 2070 2870
 199707172 3710 4640 5430 5620 5090 4090 3190 2590 2180 2140 2560 3270
 199707181 4060 4840 5430 5520 4940 3830 2730 1870 1250 1000 1310 2010
 199707182 2900 3900 4960 5780 5860 5120 4030 3100 2430 2060 2060 2630
 199707191 3450 4320 5140 5720 5680 4880 3610 2420 1560  960  770 1300
 199707192 2180 3120 4200 5290 6120 6080 5060 3740 2860 2270 1890 1990
 199707201 2730 3620 4550 5390 5940 5750 4700 3260 2120 1280  680  640
 199707202 1400 2300 3270 4500 5780 6450 6060 4790 3510 2670 2060 1700
 199707211 1990 2810 3790 4780 5670 6150 5770 4480 3040 1940 1090  550
 199707212  670 1570 2540 3640 5000 6220 6640 5940 4510 3270 2470 1890
 199707221 1620 2120 3100 4110 5120 6010 6340 5690 4240 2840 1860 1060
 199707222  570  900 1910 2940 4110 5500 6570 6690 5650 4180 3090 2370
 199707231 1760 1610 2320 3410 4440 5420 6240 6380 5500 4020 2730 1830
 199707232 1120  770 1300 2380 3430 4590 5840 6700 6510 5240 3810 2880
 199707241 2190 1630 1670 2550 3630 4630 5620 6370 6310 5250 3830 2720
 199707242 1930 1240 1080 1790 2860 3870 4980 6120 6690 6190 4830 3540
 199707251 2730 2050 1530 1730 2640 3630 4560 5500 6170 6040 5000 3660
 199707252 2680 1980 1430 1340 2070 3050 3990 5040 6050 6420 5800 4470
 199707261 3370 2650 1980 1490 1740 2610 3510 4410 5320 5930 5800 4850
 199707262 3630 2760 2160 1670 1660 2340 3220 4090 5040 5860 6080 5420
 199707271 4230 3200 2500 1880 1500 1800 2540 3360 4160 5000 5620 5550
 199707272 4740 3690 2890 2360 1960 1930 2520 3300 4120 4950 5600 5710
 199707281 5150 4110 3140 2450 1870 1550 1770 2420 3130 3900 4700 5310
 199707282 5390 4830 3900 3160 2670 2260 2150 2530 3250 4000 4740 5300
 199707291 5490 5050 4140 3170 2470 1930 1570 1690 2220 2910 3680 4530
 199707292 5210 5470 5060 4230 3420 2860 2480 2320 2580 3200 3910 4620
 199707301 5220 5460 5130 4260 3280 2480 1910 1510 1550 2060 2780 3600
 199707302 4460 5260 5630 5320 4480 3620 3010 2550 2300 2490 3090 3860
 199707311 4630 5240 5540 5230 4340 3310 2460 1790 1350 1430 2050 2830
 199707312 3620 4550 5460 5860 5480 4520 3570 2940 2470 2230 2500 3140
 199708011 3940 4710 5350 5680 5280 4240 3130 2210 1540 1250 1390 2070
 199708012 2850 3770 4780 5690 5990 5450 4360 3410 2770 2290 2130 2490
 199708021 3270 4070 4880 5530 5730 5270 4220 2990 2080 1500 1270 1580
 199708022 2450 3190 4100 5200 6030 6130 5360 4200 3210 2620 2320 2290
 199708031 2810 3480 4260 5080 5640 5590 4790 3530 2410 1690 1230 1160
 199708032 1630 2470 3370 4370 5380 5960 5720 4700 3570 2740 2200 2000
 199708041 2260 2950 3800 4680 5440 5780 5410 4300 3040 2040 1380 1040
 199708042 1210 1970 2900 3850 4900 5800 6000 5260 4080 3030 2320 1910
 199708051 1860 2370 3200 4090 4980 5620 5720 5070 3840 2650 1790 1280
 199708052 1150 1550 2420 3370 4420 5450 6060 5860 4860 3630 2740 2140
 199708061 1770 1960 2700 3650 4630 5450 5920 5650 4580 3280 2300 1610
 199708062 1200 1280 1970 2960 3970 4990 5760 5980 5330 4160 3060 2320
 199708071 1860 1730 2200 3080 4030 4960 5640 5820 5170 3980 2820 2030
 199708072 1510 1230 1600 2510 3450 4430 5350 5860 5610 4660 3500 2580
 199708081 1970 1610 1770 2470 3310 4150 4990 5580 5470 4540 3230 2260
 199708082 1650 1270 1320 1910 2700 3560 4460 5230 5510 5020 3950 2900
 199708091 2200 1790 1540 1780 2420 3160 3990 4730 5200 4950 4020 2890
 199708092 2160 1700 1480 1700 2380 3160 3930 4740 5350 5310 4550 3480
 199708101 2600 2030 1640 1570 2030 2790 3580 4340 4970 5090 4600 3640
 199708102 2720 2120 1820 1770 2110 2790 3610 4440 5100 5360 5030 4140
 199708111 3180 2460 1890 1650 1800 2330 3040 3790 4520 5040 5020 4430
 199708112 3560 2850 2360 2080 2100 2540 3210 3910 4620 5100 5200 4720
 199708121 3930 3150 2510 2000 1770 1950 2480 3180 3920 4630 5080 5040
 199708122 4500 3780 3140 2660 2370 2390 2800 3450 4150 4760 5180 5230
 199708131 4760 3980 3190 2490 1970 1740 1880 2400 3070 3750 4470 5010
 199708132 5100 4680 3970 3320 2820 2490 2430 2750 3360 4010 4640 5090
 199708141 5230 4870 4070 3260 2500 1960 1620 1680 2220 2900 3620 4410
 199708142 5100 5370 5060 4370 3620 3000 2560 2360 2590 3140 3820 4530
 199708151 5130 5380 5120 4350 3390 2520 1840 1410 1410 1940 2720 3540
 199708152 4470 5350 5810 5560 4720 3750 3050 2530 2250 2420 3030 3840
 199708161 4710 5440 5820 5570 4690 3570 2570 1750 1200 1200 1910 2900
 199708162 3910 5020 6030 6490 6070 5000 3920 3150 2550 2210 2420 3280
 199708171 4350 5320 6130 6510 6100 4980 3690 2600 1710 1110 1180 2130
 199708172 3330 4480 5680 6780 7100 6350 5030 3930 3110 2460 2130 2650
 199708181 3820 5060 6160 7020 7170 6410 5030 3680 2550 1550 1000 1250
 199708182 2410 3630 4690 5780 6680 6660 5620 4110 2980 2210 1690 1640
 199708191 2400 3380 4250 5190 6100 6450 5750 4180 2750 1720  920  520
 199708192 1000 2000 2990 4240 5720 6830 6860 5630 4020 2900 2130 1520
 199708201 1470 2320 3440 4530 5680 6620 6690 5670 4100 2730 1680  890
 199708202  620 1280 2420 3540 4810 6180 7010 6630 5130 3620 2670 1900
 199708211 1280 1430 2540 3650 4710 5840 6700 6620 5380 3850 2560 1610
 199708212  950  810 1570 2670 3810 5110 6400 6970 6250 4720 3320 2370
 199708221 1590 1130 1550 2700 3870 5040 6200 6820 6410 4980 3540 2490
 199708222 1680 1040 1150 2120 3300 4370 5470 6430 6530 5540 4070 2850
 199708231 2010 1340 1050 1660 2730 3700 4680 5690 6220 5800 4490 3230
 199708232 2400 1780 1370 1610 2490 3490 4470 5430 6120 6010 5000 3630
 199708241 2630 1930 1340 1190 1820 2770 3710 4700 5590 5970 5480 4350
 199708242 3300 2580 2050 1730 2000 2820 3760 4660 5480 5910 5680 4680
 199708251 3520 2660 1980 1480 1400 2000 2860 3710 4590 5390 5710 5280
 199708252 4350 3430 2830 2360 2120 2360 3040 3880 4690 5340 5640 5340
 199708261 4470 3480 2690 2070 1630 1600 2100 2840 3620 4390 5090 5460
 199708262 5210 4480 3690 3090 2680 2450 2580 3080 3790 4520 5080 5390
 199708271 5190 4530 3670 2880 2310 1880 1800 2160 2840 3580 4320 5020
 199708272 5450 5360 4760 4050 3430 2960 2680 2690 3070 3710 4430 5030
 199708281 5370 5300 4780 3990 3170 2510 2070 1840 2090 2770 3570 4350
 199708282 5040 5520 5620 5190 4470 3770 3280 3000 2890 3160 3850 4730
 199708291 5460 5860 5840 5330 4470 3590 2790 2200 1890 1980 2600 3470
 199708292 4250 4960 5590 5750 5310 4410 3550 2890 2380 2260 2690 3360
 199708301 4080 4880 5610 5890 5360 4140 3010 2330 1860 1420 1680 2440
 199708302 3260 4160 4960 5550 5560 4930 3960 3090 2550 2180 2150 2620
 199708311 3390 4160 4890 5380 5340 4680 3580 2520 1730 1290 1250 1720
 199708312 2530 3430 4430 5350 5840 5530 4580 3480 2700 2140 1840 2060
 199709011 2830 3700 4540 5280 5680 5380 4400 3200 2270 1580 1200 1360
 199709012 2040 2890 3840 4860 5690 5920 5270 4130 3070 2380 1900 1750
 199709021 2200 3050 3970 4880 5620 5830 5250 4060 2850 1990 1410 1170
 199709022 1570 2410 3360 4370 5380 6030 5860 4840 3580 2710 2080 1680
 199709031 1800 2560 3500 4480 5410 6010 5870 4840 3540 2540 1800 1300
 199709032 1350 2060 3050 4020 5030 5920 6130 5380 4090 3060 2330 1800
 199709041 1570 2060 3000 3960 4920 5760 6050 5410 4150 2960 2180 1580
 199709042 1240 1640 2600 3540 4550 5530 6140 5870 4690 3390 2590 2050
 199709051 1560 1690 2540 3490 4450 5350 5970 5840 4870 3580 2610 1960
 199709052 1460 1460 2190 3170 4100 5070 5850 5940 5140 3920 2870 2190
 199709061 1650 1430 1920 2880 3830 4800 5630 5950 5410 4220 3100 2350
 199709062 1830 1510 1820 2700 3620 4540 5400 5900 5610 4560 3370 2550
 199709071 1950 1510 1560 2320 3250 4150 5060 5760 5760 4940 3790 2940
 199709072 2370 1910 1770 2250 3210 4150 4950 5630 5760 5140 4030 3050
 199709081 2350 1810 1520 1860 2720 3590 4460 5260 5710 5420 4460 3470
 199709082 2830 2340 1970 2070 2780 3610 4430 5150 5570 5390 4580 3610
 199709091 2800 2200 1700 1600 2090 2850 3610 4420 5160 5470 5090 4160
 199709092 3380 2830 2410 2180 2410 3030 3750 4470 5020 5280 5000 4210
 199709101 3360 2670 2120 1670 1670 2170 2840 3570 4310 4950 5230 4940
 199709102 4220 3490 2960 2600 2400 2600 3140 3770 4410 4910 5170 4960
 199709111 4230 3390 2690 2160 1780 1740 2140 2780 3510 4200 4890 5210
 199709112 5000 4380 3730 3170 2760 2510 2620 3090 3720 4340 4830 5110
 199709121 4990 4410 3630 2910 2310 1860 1700 1980 2600 3300 4060 4830
 199709122 5390 5410 4860 4080 3460 2980 2610 2520 2860 3510 4200 4820
 199709131 5280 5340 4860 4030 3160 2450 1880 1570 1760 2490 3310 4140
 199709132 5050 5790 5970 5380 4450 3620 3040 2570 2370 2700 3500 4390
 199709141 5200 5800 5940 5450 4460 3430 2560 1840 1420 1640 2470 3520
 199709142 4570 5620 6490 6630 5890 4720 3740 3030 2440 2180 2650 3680
 199709151 4770 5730 6490 6610 5870 4690 3560 2570 1700 1230 1550 2620
 199709152 3820 4940 6150 7040 6940 5870 4510 3510 2680 1950 1810 2610
 199709161 3830 4980 6060 6920 6980 6020 4550 3290 2300 1370  930 1480
 199709162 2750 3910 5120 6420 7230 6900 5490 4010 2970 2100 1380 1440
 199709171 2520 3770 4910 6070 7030 7010 5800 4150 3010 2030 1150  850
 199709172 1640 2900 4050 5310 6590 7240 6590 4970 3530 2580 1740 1120
 199709181 1410 2680 3810 4970 6200 7080 6870 5430 3850 2770 1930 1130
 199709182 1000 2000 3230 4330 5600 6780 7070 6050 4390 3130 2240 1420
 199709191  980 1600 2850 4000 5230 6470 7130 6580 5050 3610 2690 1870
 199709192 1190 1330 2520 3720 4820 5970 6820 6660 5360 3810 2720 1890
 199709201 1110  940 1810 3010 4070 5230 6390 6840 6140 4630 3340 2560
 199709202 1870 1400 1760 2900 3980 5000 6040 6660 6260 4880 3460 2610
 199709211 1850 1210 1270 2150 3320 4390 5520 6420 6470 5540 4280 3370
 199709212 2720 2060 1770 2350 3460 4540 5440 6160 6300 5570 4330 3230
 199709221 2430 1770 1290 1530 2490 3520 4490 5430 6100 6080 5260 4140
 199709222 3330 2830 2380 2230 2750 3730 4650 5420 5930 5890 5160 4100
 199709231 3200 2520 1910 1600 1920 2720 3640 4500 5320 5850 5740 5030
 199709232 4160 3460 2950 2590 2560 3020 3800 4560 5190 5570 5500 4860
 199709241 3950 3140 2560 2080 1840 2080 2780 3570 4310 5000 5460 5440
 199709242 4910 4150 3480 3020 2690 2610 2910 3520 4130 4660 5060 5150
 199709251 4720 3920 3090 2510 2120 1860 1980 2470 3110 3750 4410 4950
 199709252 5160 4920 4300 3630 3110 2770 2610 2710 3120 3700 4280 4730
 199709261 4970 4820 4220 3400 2770 2300 1990 1930 2300 2910 3600 4340
 199709262 4970 5330 5180 4570 3860 3330 2880 2600 2590 3010 3670 4360
 199709271 4930 5270 5150 4490 3670 3010 2490 2050 1920 2340 3020 3770
 199709272 4530 5180 5560 5400 4710 3870 3180 2720 2420 2410 2940 3700
 199709281 4390 4980 5350 5230 4510 3540 2760 2190 1780 1720 2220 2970
 199709282 3760 4570 5320 5680 5340 4400 3430 2780 2320 2010 2180 2860
 199709291 3670 4480 5200 5610 5410 4470 3370 2600 2060 1660 1710 2400
 199709292 3250 4090 4980 5760 5920 5240 4090 3160 2580 2110 1860 2330
 199709301 3210 4070 4880 5610 5870 5340 4180 3100 2400 1860 1570 1930
 199709302 2840 3750 4670 5560 6050 5760 4690 3560 2810 2230 1740 1820
 199710011 2640 3630 4520 5360 5940 5820 4910 3650 2740 2130 1650 1590
 199710012 2340 3270 4150 5090 5880 6030 5270 3990 2980 2280 1700 1480
 199710021 1990 2980 3880 4850 5740 6120 5560 4280 3160 2430 1860 1540
 199710022 1880 2790 3720 4690 5620 6150 5820 4620 3400 2590 1920 1430
 199710031 1570 2400 3370 4340 5340 6090 6050 5070 3790 2880 2200 1640
 199710032 1570 2300 3240 4130 5050 5830 5950 5170 3850 2790 2110 1490
 199710041 1250 1790 2730 3650 4680 5660 6120 5640 4390 3260 2580 2010
 199710042 1620 1890 2780 3680 4580 5460 5950 5630 4470 3310 2530 1880
 199710051 1340 1470 2340 3290 4310 5370 6190 6170 5240 4020 3180 2560
 199710052 2010 1890 2590 3650 4590 5390 5960 5880 5030 3860 2920 2190
 199710061 1540 1330 1900 2920 3870 4760 5640 6070 5640 4530 3470 2820
 199710062 2310 1930 2160 3000 3860 4610 5320 5750 5460 4420 3250 2500
 199710071 1870 1320 1380 2110 2960 3810 4770 5620 5870 5290 4180 3280
 199710072 2770 2330 2080 2440 3290 4110 4830 5440 5640 5150 4070 3110
 199710081 2450 1880 1460 1650 2480 3380 4210 5080 5720 5730 5010 4040
 199710082 3350 2860 2450 2370 2870 3700 4470 5030 5420 5350 4680 3720
 199710091 2900 2290 1770 1510 1850 2580 3330 4070 4820 5370 5370 4780
 199710092 3890 3230 2810 2470 2410 2820 3460 4080 4610 5000 5060 4560
 199710101 3650 2850 2280 1840 1570 1770 2360 3010 3720 4480 5060 5230
 199710102 4830 4050 3380 2940 2590 2430 2680 3230 3840 4410 4840 5020
 199710111 4710 3930 3120 2520 2020 1670 1730 2250 2920 3670 4470 5170
 199710112 5490 5230 4480 3710 3150 2650 2320 2380 2920 3580 4200 4760
 199710121 5120 5030 4350 3420 2660 2060 1570 1450 1900 2630 3380 4240
 199710122 5110 5650 5540 4770 3790 3080 2500 2040 1990 2530 3300 4040
 199710131 4820 5430 5510 4800 3660 2740 2040 1430 1180 1650 2490 3360
 199710132 4310 5320 5950 5780 4760 3660 2810 2160 1620 1590 2270 3100
 199710141 3960 4860 5640 5810 5070 3760 2710 1940 1270 1000 1540 2490
 199710142 3410 4510 5610 6260 5930 4700 3460 2600 1850 1260 1370 2260
 199710151 3260 4250 5330 6220 6260 5220 3770 2710 1870 1140  940 1720
 199710152 2780 3840 5000 6110 6560 5840 4360 3150 2290 1470  960 1350
 199710161 2500 3540 4630 5850 6660 6420 5060 3710 2730 1870 1150 1160
 199710162 2140 3300 4370 5520 6450 6480 5400 3910 2820 1910 1050  720
 199710171 1450 2670 3720 4920 6120 6760 6220 4750 3460 2590 1780 1180
 199710172 1450 2580 3650 4700 5800 6510 6220 4840 3400 2400 1460  690
 199710181  690 1690 2830 3950 5210 6380 6730 5910 4450 3300 2470 1720
 199710182 1360 1900 3020 4050 5040 5990 6400 5770 4330 3050 2140 1270
 199710191  700  990 2060 3150 4220 5430 6400 6470 5470 4050 3100 2420
 199710192 1820 1650 2360 3420 4420 5310 6010 6060 5210 3810 2660 1880
 199710201 1160  840 1350 2430 3420 4440 5570 6300 6120 5040 3810 2980
 199710202 2420 1970 1990 2760 3740 4620 5400 5880 5710 4710 3380 2440
 199710211 1770 1190 1060 1730 2720 3610 4570 5490 5970 5640 4620 3550
 199710212 2890 2450 2120 2280 3020 3840 4560 5210 5570 5300 4310 3210
 199710221 2410 1840 1400 1380 1970 2800 3640 4510 5320 5710 5400 4480
 199710222 3580 3020 2610 2320 2480 3110 3860 4520 5040 5310 5020 4150
 199710231 3150 2500 2000 1590 1590 2130 2870 3610 4380 5080 5410 5150
 199710232 4390 3620 3110 2740 2490 2580 3080 3710 4290 4750 4970 4760
 199710241 4090 3260 2650 2210 1890 1910 2340 3000 3670 4400 5020 5320
 199710242 5150 4530 3860 3340 2940 2650 2660 3070 3680 4290 4730 4970
 199710251 4860 4340 3650 3040 2560 2220 2130 2440 3070 3740 4370 4940
 199710252 5300 5250 4690 3950 3340 2830 2460 2390 2740 3340 3940 4480
 199710261 4880 4970 4590 3830 3060 2560 2160 1970 2240 2910 3600 4290
 199710262 4980 5480 5470 4840 3980 3350 2840 2430 2290 2660 3420 4170
 199710271 4820 5270 5340 4860 4070 3360 2740 2240 2040 2350 3100 3940
 199710272 4710 5370 5680 5450 4670 3820 3090 2510 2090 2060 2630 3480
 199710281 4270 4990 5500 5470 4830 3910 3120 2490 2010 1910 2380 3260
 199710282 4120 4900 5530 5770 5310 4330 3380 2690 2100 1750 1920 2710
 199710291 3700 4550 5290 5720 5510 4650 3630 2830 2260 1870 1940 2660
 199710292 3600 4490 5260 5830 5800 4980 3810 2940 2300 1750 1580 2110
 199710301 3130 4150 5070 5820 5990 5420 4320 3400 2760 2210 1910 2240
 199710302 3190 4210 5070 5720 5950 5490 4390 3380 2620 1950 1500 1690
 199710311 2600 3680 4750 5750 6320 6100 5190 4160 3360 2760 2250 2180
 199710312 2830 3940 4950 5760 6250 6020 5110 4060 3160 2340 1700 1500
 199711011 2080 3260 4380 5370 6130 6320 5710 4610 3630 2870 2250 1950
 199711012 2300 3250 4240 5120 5780 5990 5470 4350 3240 2360 1670 1200
 199711021 1400 2330 3410 4470 5480 6190 6140 5230 3980 3020 2390 1960
 199711022 1910 2560 3600 4530 5350 5890 5790 4880 3600 2600 1830 1190
 199711031 1010 1630 2620 3610 4660 5670 6220 5860 4690 3450 2680 2190
 199711032 1880 2070 2930 3890 4750 5450 5750 5350 4200 2980 2090 1400
 199711041  920 1050 1880 2840 3810 4860 5750 6000 5420 4230 3190 2580
 199711042 2180 2000 2440 3370 4300 5100 5680 5760 5080 3900 2850 2080
 199711051 1470 1140 1470 2400 3440 4440 5440 6110 6000 5170 4100 3320
 199711052 2750 2340 2320 2960 3890 4710 5310 5620 5420 4590 3540 2660
 199711061 1970 1430 1310 1800 2680 3560 4470 5330 5830 5630 4750 3750
 199711062 3050 2570 2230 2330 2920 3780 4550 5110 5410 5180 4300 3280
 199711071 2500 1910 1450 1430 1950 2790 3660 4540 5340 5730 5440 4610
 199711072 3740 3100 2620 2320 2440 3010 3800 4490 5030 5320 5060 4240
 199711081 3340 2610 2030 1590 1570 2070 2890 3680 4490 5230 5580 5370
 199711082 4630 3740 3120 2640 2280 2330 2850 3590 4230 4770 5110 5050
 199711091 4430 3510 2760 2190 1740 1570 1950 2690 3500 4310 5090 5570
 199711092 5480 4790 3880 3160 2620 2170 2040 2440 3140 3880 4550 5060
 199711101 5220 4810 3920 3010 2340 1820 1520 1690 2450 3300 4150 4980
 199711102 5620 5710 5110 4050 3170 2510 1960 1710 2000 2780 3590 4390
 199711111 5090 5490 5260 4320 3230 2420 1850 1440 1580 2300 3200 4070
 199711112 4970 5720 5870 5190 3950 2920 2210 1590 1280 1650 2520 3370
 199711121 4250 5140 5710 5560 4570 3320 2410 1790 1390 1460 2230 3170
 199711122 4080 5060 5820 5910 5090 3730 2630 1870 1250  990 1480 2460
 199711131 3420 4460 5540 6180 5910 4720 3380 2490 1840 1350 1520 2450
 199711132 3490 4520 5530 6250 6070 4910 3470 2420 1590  880  760 1550
 199711141 2580 3590 4720 5830 6380 5840 4510 3220 2380 1740 1330 1670
 199711142 2720 3740 4730 5710 6260 5860 4480 3060 2090 1270  640  740
 199711151 1700 2750 3840 5090 6210 6560 5800 4290 3130 2410 1810 1480
 199711152 1990 3130 4160 5150 5990 6240 5520 4010 2710 1830 1020  550
 199711161  910 1950 2950 4090 5380 6390 6470 5470 4000 3030 2400 1850
 199711162 1720 2470 3590 4650 5600 6260 6140 4980 3610 2620 1750  960
 199711171  720 1360 2600 3740 4880 6080 6680 6230 5020 3870 3170 2600
 199711172 2120 2230 3180 4400 5300 5900 6150 5660 4560 3420 2500 1660
 199711181 1020 1050 1890 3070 4090 5110 5980 6240 5660 4560 3610 2880
 199711182 2340 2060 2420 3350 4320 5100 5680 5770 5170 4050 3010 2150
 199711191 1460 1050 1320 2230 3170 4090 5070 5840 5910 5200 4110 3260
 199711192 2670 2200 2030 2500 3340 4170 4870 5390 5440 4750 3600 2620
 199711201 1960 1410 1160 1530 2360 3190 4050 4970 5630 5630 4910 3860
 199711202 3110 2670 2300 2200 2620 3400 4180 4800 5210 5140 4460 3400
 199711211 2570 2000 1580 1410 1820 2580 3360 4130 4860 5330 5260 4580
 199711212 3660 3000 2610 2310 2260 2620 3250 3910 4470 4820 4830 4340
 199711221 3450 2670 2190 1900 1830 2190 2850 3630 4440 5110 5500 5340
 199711222 4680 3920 3390 2980 2640 2560 2890 3590 4310 4790 5020 4910
 199711231 4410 3730 3120 2620 2260 2150 2460 3090 3740 4360 4880 5200
 199711232 5120 4620 3870 3230 2770 2380 2270 2570 3100 3670 4220 4640
 199711241 4760 4500 3830 3090 2580 2240 2100 2330 2850 3500 4160 4750
 199711242 5160 5140 4620 3800 3110 2610 2210 2040 2330 2880 3510 4090
 199711251 4610 4870 4660 3960 3150 2560 2210 2050 2260 2740 3330 3970
 199711252 4580 4980 4950 4420 3530 2790 2250 1850 1720 2000 2560 3190
 199711261 3900 4600 5000 4880 4150 3260 2630 2290 2090 2250 2820 3610
 199711262 4400 5130 5580 5420 4620 3660 2940 2400 1960 1890 2350 3230
 199711271 4130 4910 5530 5670 5130 4200 3400 2820 2340 2100 2470 3360
 199711272 4260 4940 5460 5570 5090 4060 3090 2330 1700 1340 1580 2360
 199711281 3190 3950 4780 5490 5560 4860 3680 2840 2350 1970 1950 2540
 199711282 3350 4120 4890 5500 5530 4790 3540 2550 1910 1370 1130 1600
 199711291 2530 3410 4410 5420 5980 5710 4640 3550 2890 2420 2120 2340
 199711292 3140 4170 5060 5790 6080 5600 4520 3450 2530 1750 1230 1360
 199711301 2260 3420 4470 5480 6220 6190 5340 4210 3360 2720 2160 2040
 199711302 2720 3790 4690 5380 5850 5780 4980 3760 2720 1860 1150  910
 199712011 1450 2480 3440 4440 5540 6260 6030 4920 3700 2940 2420 2010
 199712012 2170 3030 4090 5060 5880 6250 5780 4560 3420 2600 1820 1220
 199712021 1190 1980 3220 4410 5570 6420 6480 5700 4680 3820 3180 2610
 199712022 2400 2870 3920 5010 5770 6160 6060 5420 4410 3400 2460 1640
 199712031 1220 1550 2570 3680 4740 5690 6250 6080 5210 4140 3360 2750
 199712032 2290 2270 2900 3910 4890 5630 5960 5660 4720 3590 2590 1740
 199712041 1100  980 1600 2580 3550 4550 5570 6140 5850 4790 3650 2890
 199712042 2370 1980 2160 2950 3890 4730 5420 5770 5460 4410 3170 2290
 199712051 1610 1070 1040 1750 2710 3660 4680 5690 6130 5680 4550 3440
 199712052 2750 2270 1980 2260 3020 3880 4650 5280 5560 5170 4090 2910
 199712061 2100 1510 1080 1200 1950 2800 3640 4590 5430 5750 5300 4280
 199712062 3300 2650 2170 1910 2150 2870 3610 4350 4960 5320 5040 4130
 199712071 3080 2300 1760 1420 1380 1980 2800 3790 4760 5580 5970 5610
 199712072 4670 3650 2950 2470 2220 2370 3010 3860 4700 5290 5520 5150
 199712081 4400 3680 2970 2420 2030 1940 2470 3370 4300 5110 5730 5870
 199712082 5400 4580 3800 3110 2550 2200 2310 2940 3760 4470 5100 5490
 199712091 5330 4670 3900 3210 2640 2140 2000 2510 3400 4280 5070 5710
 199712092 5900 5480 4620 3730 2970 2280 1800 1820 2440 3340 4180 4950
 199712101 5540 5640 5070 4150 3380 2770 2280 2050 2370 3200 4160 5030
 199712102 5720 5980 5600 4690 3670 2810 2010 1440 1400 2040 2970 3870
 199712111 4740 5500 5770 5270 4210 3230 2540 1980 1730 2100 3010 3890
 199712112 4760 5550 5880 5530 4480 3340 2390 1650 1120 1160 1830 2780
 199712121 3770 4800 5680 6050 5570 4410 3260 2540 2000 1740 2120 3100
 199712122 4070 4980 5740 6010 5460 4210 3050 2120 1310  800  960 1810
 199712131 2810 3840 4940 5890 6140 5460 4230 3180 2480 1950 1760 2280
 199712132 3280 4280 5170 5870 6010 5240 3870 2710 1800  960  550  950
 199712141 1930 2850 3910 5120 6060 6180 5350 4000 2980 2350 1850 1750
 199712142 2440 3450 4380 5260 5910 5870 4870 3410 2280 1450  730  470
 199712151 1060 2080 3040 4180 5400 6170 6070 5020 3700 2800 2240 1840
 199712152 1940 2770 3820 4730 5530 6000 5690 4450 3090 2160 1300  650
 199712161  630 1470 2470 3450 4600 5680 6180 5750 4500 3300 2600 2090
 199712162 1790 2100 3040 3970 4810 5530 5780 5240 3910 2640 1770 1080
 199712171  630  880 1790 2700 3710 4830 5790 6030 5340 4060 3070 2490
 199712172 2030 1910 2490 3440 4320 5100 5690 5700 4860 3550 2520 1770
 199712181 1150  910 1430 2430 3360 4340 5350 5950 5770 4820 3730 2950
 199712182 2440 2040 2080 2770 3670 4450 5050 5440 5210 4260 3090 2210
 199712191 1550 1110 1150 1800 2640 3460 4400 5260 5630 5270 4300 3290
 199712192 2650 2230 1980 2230 2900 3670 4390 4980 5250 4860 3830 2770
 199712201 2110 1630 1320 1520 2220 2970 3810 4700 5390 5550 5050 4070
 199712202 3240 2710 2330 2170 2500 3230 4020 4740 5210 5260 4750 3870
 199712211 3080 2490 2060 1870 2120 2860 3750 4550 5230 5640 5520 4860
 199712212 4020 3380 2890 2540 2500 2870 3620 4320 4840 5120 5020 4500
 199712221 3800 3160 2690 2340 2250 2580 3290 4020 4650 5170 5400 5190
 199712222 4610 3940 3340 2850 2500 2450 2810 3470 4070 4620 5000 5050
 199712231 4580 3860 3260 2830 2490 2400 2700 3340 4070 4710 5170 5360
 199712232 5150 4550 3870 3280 2740 2370 2320 2660 3280 3960 4570 4960
 199712241 5040 4700 4080 3440 2960 2640 2530 2740 3330 4030 4700 5210
 199712242 5440 5230 4640 3930 3250 2680 2260 2110 2390 2970 3710 4390
 199712251 4900 5130 4920 4280 3580 3020 2650 2460 2620 3180 3880 4590
 199712252 5120 5400 5220 4560 3710 2950 2300 1810 1670 2040 2780 3530
 199712261 4300 4960 5320 5110 4310 3490 2920 2510 2270 2460 3100 3850
 199712262 4580 5190 5480 5220 4340 3350 2580 1990 1500 1410 1940 2790
 199712271 3610 4480 5240 5580 5230 4330 3460 2890 2460 2230 2510 3290
 199712272 4100 4840 5400 5590 5110 4100 3090 2320 1610 1170 1310 2070
 199712281 2960 3830 4770 5580 5790 5210 4100 3200 2680 2270 2150 2650
 199712282 3530 4360 5090 5620 5660 4920 3680 2660 1880 1230  900 1310
 199712291 2230 3100 4090 5200 5920 5860 4950 3760 2920 2390 2020 2120
 199712292 2810 3670 4500 5240 5720 5500 4460 3150 2210 1480  880  780
 199712301 1500 2420 3370 4520 5650 6240 5900 4740 3590 2870 2360 2040
 199712302 2320 3240 4290 5200 5890 6090 5480 4230 3080 2100 1260  790
 199712311 1000 1940 3060 4120 5260 6190 6290 5470 4190 3210 2550 2050
 199712312 1940 2620 3630 4520 9999 9999 9999 9999 9999 9999 9999 9999
