0.04
0.05
0.05
0.02
0.04
0.12
0.14
0.03
-0.00
-0.13
-0.00
0.19
0.20
0.18
0.15
0.16
0.20
0.16
0.07
-0.00
-0.05
-0.08
-0.16
-0.64
-0.87
-0.93
-0.84
-0.72
-0.63
-0.44
-0.24
-0.02
0.00
0.26
0.34
0.30
0.06
0.11
0.24
0.28
0.17
-0.00
-0.21
-0.20
-0.29
-0.43
-0.49
-0.44
-0.36
-0.41
-0.42
-0.36
-0.26
-0.25
-0.50
-0.52
-0.40
-0.25
-0.14
0.00
0.23
0.62
0.70
0.73
0.68
0.55
0.35
0.05
-0.00
-0.08
-0.14
-0.14
-0.13
-0.10
-0.12
-0.25
-0.44
-0.45
-0.24
0.09
0.05
0.00
0.03
0.14
0.27
0.37
0.62
0.78
0.86
0.79
0.64
0.50
0.29
0.11
0.02
0.11
0.27
0.31
0.20
0.21
0.24
0.25
0.27
0.31
0.33
0.35
0.34
0.26
0.13
0.01
-0.00
-0.24
-0.33
-0.34
-0.28
-0.26
-0.31
-0.51
-0.60
-0.67
-0.66
-0.54
-0.37
-0.13
-0.01
0.00
0.30
0.41
0.39
0.33
0.53
0.59
0.45
0.21
0.04
0.01
-0.00
-0.27
-0.54
-0.73
-0.79
-0.80
-1.03
-1.15
-1.14
-0.99
-0.82
-0.62
-0.11
0.00
0.16
0.17
0.18
0.18
0.09
-0.29
-0.33
-0.24
-0.13
-0.02
0.00
0.18
0.07
0.00
0.06
0.18
0.23
-0.00
-0.22
-0.19
-0.08
-0.03
-0.10
-0.19
-0.08
0.00
0.04
0.10
0.17
0.25
0.45
0.60
0.73
0.75
0.67
0.57
0.33
0.14
-0.00
-0.19
-0.24
-0.30
-0.41
-0.36
-0.23
-0.02
0.00
0.39
0.48
0.52
0.54
0.54
0.50
0.47
0.43
0.10
-0.00
-0.19
-0.18
-0.19
-0.26
-0.28
-0.15
-0.02
0.00
0.07
0.11
0.11
0.07
0.13
0.26
0.36
0.34
0.27
0.29
0.34
0.40
0.45
0.40
0.25
-0.00
-0.16
-0.24
-0.40
-0.57
-0.61
-0.34
-0.28
-0.32
-0.37
-0.35
-0.28
-0.20
-0.06
-0.06
-0.05
0.00
0.34
0.47
0.23
0.18
0.21
0.23
0.20
0.21
0.48
0.55
0.45
0.21
-0.00
-0.21
-0.12
-0.04
0.00
0.09
0.19
0.26
0.30
0.47
0.55
0.54
0.45
0.30
0.09
-0.26
-0.24
-0.10
0.00
0.10
0.07
-0.09
-0.20
-0.30
-0.38
-0.45
-0.49
-0.24
-0.06
-0.00
-0.12
-0.33
-0.49
-0.49
-0.18
-0.00
0.00
0.30
0.37
0.41
0.41
0.31
0.21
0.15
0.14
0.09
-0.16
-0.26
-0.27
-0.19
-0.10
-0.12
-0.23
-0.38
-0.41
-0.44
-0.39
-0.28
-0.24
-0.27
-0.08
0.00
0.12
0.11
0.25
0.63
0.57
0.43
0.34
0.34
0.39
0.40
0.22
-0.00
-0.35
-0.42
-0.34
-0.31
-0.50
-0.43
-0.25
-0.09
-0.05
-0.09
-0.08
-0.06
-0.08
-0.12
-0.17
-0.21
-0.27
-0.27
-0.17
-0.00
0.00
0.06
-0.11
-0.16
-0.20
-0.21
-0.20
-0.16
-0.11
-0.01
0.00
-0.00
-0.07
-0.19
-0.35
-0.55
-0.56
-0.50
-0.38
-0.26
-0.14
0.00
-0.00
0.00
0.08
0.13
0.06
-0.18
-0.15
-0.09
-0.13
-0.28
-0.40
-0.41
-0.38
-0.34
-0.11
0.00
0.61
0.68
0.46
0.45
0.50
0.50
0.44
0.41
0.55
0.62
0.64
0.63
0.59
0.50
0.35
0.17
0.18
0.15
0.04
-0.00
-0.18
-0.35
-0.36
-0.30
-0.22
-0.14
-0.00
0.28
0.40
0.55
0.65
0.62
0.50
0.37
0.33
0.28
0.31
0.41
0.45
0.41
0.39
0.43
0.50
0.60
0.68
0.69
0.42
0.21
0.01
-0.00
-0.42
-0.63
-0.69
-0.70
-0.74
-0.65
-0.35
0.00
0.29
0.35
0.33
0.34
0.32
0.21
0.00
-0.36
-0.44
-0.45
-0.44
-0.43
-0.40
0.00
0.44
0.60
0.47
0.15
-0.00
-0.18
-0.14
-0.13
-0.00
0.00
0.57
0.72
0.87
0.99
1.02
0.88
0.64
0.41
0.12
0.07
0.13
0.27
0.35
0.28
0.10
0.14
0.16
0.06
-0.00
-0.07
-0.21
-0.45
-0.68
-0.77
-0.76
-0.77
-0.84
-0.72
-0.58
-0.51
-0.51
-0.49
-0.44
-0.54
-0.67
-0.66
-0.49
-0.33
-0.33
-0.59
-0.69
-0.80
-0.96
-1.12
-1.21
-1.21
-1.13
-1.14
-1.11
-1.00
-0.82
-0.64
-0.39
-0.34
-0.35
-0.41
-0.44
-0.35
0.00
0.19
0.25
0.23
0.18
0.12
0.20
0.24
0.16
-0.00
-0.17
-0.15
-0.02
-0.00
-0.09
-0.10
-0.04
0.00
0.03
0.13
0.16
0.20
0.23
0.23
0.21
0.38
0.45
0.45
0.41
0.39
0.37
0.39
0.46
0.50
0.50
0.51
0.56
0.64
0.82
0.89
0.88
0.75
0.55
0.43
0.42
0.44
0.54
0.72
0.87
0.92
0.82
0.74
0.59
0.40
0.27
0.22
-0.00
-0.24
-0.26
-0.20
-0.20
-0.22
-0.09
0.34
0.36
0.34
0.38
0.48
0.50
0.15
0.09
0.22
0.36
0.35
0.25
0.26
0.29
0.25
0.20
0.17
0.14
0.08
-0.11
-0.21
-0.21
-0.11
0.00
0.13
0.22
0.17
0.10
0.07
0.03
-0.00
-0.50
-0.56
-0.50
-0.49
-0.55
-0.59
-0.58
-0.48
-0.31
-0.18
-0.21
-0.38
-0.59
-0.58
-0.48
-0.50
-0.61
-0.66
-0.60
-0.26
-0.05
0.00
0.32
0.45
0.56
0.61
0.53
0.43
0.35
0.25
0.07
-0.31
-0.32
-0.27
-0.29
-0.41
-0.56
-0.61
-0.34
-0.26
-0.24
-0.18
-0.07
-0.00
-0.21
-0.30
-0.31
-0.31
-0.38
-0.50
-0.65
-0.58
-0.41
-0.18
0.00
0.28
0.33
0.00
-0.00
0.00
0.18
0.29
0.41
0.91
1.18
1.35
1.37
1.26
1.04
0.50
0.33
0.19
-0.00
-0.22
-0.33
-0.21
-0.18
-0.16
-0.07
0.00
0.11
0.07
-0.15
-0.18
-0.18
-0.18
-0.16
-0.10
0.00
0.01
-0.00
0.00
0.08
0.10
-0.00
-0.02
0.00
0.24
0.26
0.21
0.19
0.10
-0.00
-0.26
-0.28
-0.23
-0.28
-0.81
-0.89
-0.65
-0.30
-0.10
-0.04
0.12
0.17
0.09
-0.00
-0.23
-0.23
-0.13
-0.23
-0.28
-0.21
-0.11
-0.10
-0.15
-0.17
-0.16
-0.19
-0.21
-0.15
-0.02
0.06
0.07
0.16
0.27
0.30
0.26
0.21
0.30
0.42
0.52
0.56
0.51
0.24
0.13
0.03
-0.00
-0.11
-0.17
-0.20
-0.29
-0.39
-0.51
-0.62
-0.69
-0.65
-0.29
-0.05
0.00
0.27
0.30
0.23
0.10
0.09
0.11
0.10
0.01
-0.00
0.00
0.16
0.02
-0.00
-0.18
-0.07
0.00
-0.01
0.00
0.29
0.36
0.29
0.19
0.12
0.11
0.15
0.24
0.32
0.34
0.30
0.30
0.23
0.10
0.05
0.14
0.24
-0.00
-0.32
-0.34
-0.09
0.00
0.37
0.34
0.23
0.14
0.11
0.16
0.21
0.24
0.33
0.45
0.51
0.47
0.40
0.51
0.58
0.51
0.30
0.10
-0.00
-0.05
-0.23
-0.26
-0.15
0.00
0.09
0.03
-0.04
-0.03
-0.08
-0.16
-0.24
-0.32
-0.50
-0.49
-0.46
-0.44
-0.41
-0.36
-0.22
-0.21
-0.27
-0.36
-0.36
-0.29
-0.27
-0.50
-0.48
-0.28
-0.01
0.00
0.48
0.74
0.76
0.68
0.57
0.48
0.42
0.18
0.11
0.11
0.08
-0.00
-0.18
-0.21
-0.07
-0.04
-0.01
-0.01
-0.07
-0.18
-0.18
-0.04
0.00
0.21
0.26
0.30
0.41
0.29
-0.00
-0.30
-0.40
-0.31
-0.29
-0.44
-0.53
-0.49
-0.40
-0.32
-0.22
-0.04
-0.05
-0.09
-0.14
-0.19
-0.21
-0.00
0.00
0.17
0.13
0.04
-0.00
-0.18
-0.15
-0.14
-0.22
-0.34
-0.38
-0.19
-0.16
-0.17
-0.16
-0.07
0.00
0.04
-0.12
-0.18
-0.21
-0.22
-0.23
-0.21
-0.14
-0.13
-0.08
-0.01
0.00
0.07
0.13
0.18
0.22
0.22
0.17
0.06
-0.00
-0.08
-0.02
-0.02
-0.07
-0.12
-0.17
-0.22
-0.27
-0.36
-0.46
-0.49
-0.45
-0.24
-0.15
-0.06
0.00
0.06
0.08
0.30
0.46
0.54
0.54
0.50
0.42
0.35
0.38
0.38
0.34
0.34
0.44
0.52
0.25
0.12
0.14
0.21
0.23
0.21
0.17
0.15
0.12
0.12
0.18
0.29
0.49
0.54
0.53
0.41
0.18
-0.00
-0.08
-0.05
-0.05
0.00
0.09
0.10
0.01
-0.17
-0.13
-0.09
-0.15
-0.32
-0.44
-0.17
0.00
0.33
0.54
0.66
0.67
0.60
0.47
0.45
0.41
0.35
0.29
0.30
0.38
0.29
0.10
-0.00
-0.23
-0.30
-0.27
-0.21
-0.19
-0.22
-0.21
-0.07
0.20
0.12
-0.00
-0.04
0.00
0.11
0.13
-0.00
-0.19
-0.32
-0.41
-0.50
-0.60
-0.70
-0.63
-0.45
-0.20
-0.01
0.00
0.14
0.18
0.18
0.14
0.06
-0.00
-0.30
-0.25
-0.12
0.00
0.13
0.27
0.33
0.04
-0.00
-0.27
-0.29
-0.33
-0.45
-0.57
-0.41
-0.23
-0.12
0.00
0.21
0.40
0.31
0.30
0.40
0.46
0.31
0.00
-0.18
-0.04
0.00
-0.00
0.00
0.37
0.71
0.57
0.29
-0.00
-0.19
-0.25
-0.29
-0.23
-0.07
0.00
0.26
0.33
0.31
0.23
0.12
0.02
-0.00
-0.27
-0.48
-0.68
-0.59
-0.44
-0.33
-0.35
-0.46
-0.45
-0.33
-0.31
-0.36
-0.32
-0.11
0.19
0.14
0.18
0.36
0.54
0.54
0.22
0.11
0.02
-0.00
-0.08
0.00
0.16
0.17
0.07
0.00
0.00
0.02
0.02
-0.13
-0.25
-0.35
-0.38
-0.40
-0.45
-0.61
-0.72
-0.82
-0.79
-0.59
-0.35
-0.17
0.00
0.16
0.26
0.30
0.30
0.26
0.15
0.10
0.08
0.03
-0.00
-0.18
-0.20
-0.12
-0.04
0.00
0.07
0.14
0.27
0.24
0.13
0.00
-0.00
-0.04
0.00
0.25
0.21
0.14
0.10
0.07
0.00
-0.27
-0.38
-0.36
-0.24
-0.15
-0.11
0.00
0.21
0.38
0.45
0.44
0.43
0.41
0.48
0.64
0.75
0.70
0.52
0.31
0.07
-0.00
-0.14
-0.29
-0.34
-0.26
-0.02
0.00
0.11
0.16
0.17
0.18
0.33
0.38
0.38
0.37
0.40
0.48
0.54
0.48
0.39
0.32
0.26
0.19
0.13
0.08
0.01
-0.00
-0.36
-0.48
-0.44
-0.16
-0.13
-0.19
-0.21
-0.10
0.00
0.02
-0.00
-0.28
-0.26
-0.20
-0.24
-0.32
-0.24
-0.10
0.00
0.13
0.21
0.18
-0.00
-0.04
0.00
0.30
0.30
0.21
0.01
-0.00
-0.21
-0.19
-0.06
0.00
0.19
0.08
-0.00
-0.34
-0.49
-0.47
-0.29
0.00
0.10
0.17
0.27
0.37
0.48
0.63
0.65
0.66
0.67
0.69
0.69
0.35
0.10
-0.00
0.00
-0.00
-0.15
-0.38
-0.52
-0.45
-0.43
-0.46
-0.42
-0.30
-0.12
-0.17
-0.25
-0.31
-0.34
-0.35
-0.46
-0.55
-0.55
-0.42
-0.22
-0.04
0.12
0.12
0.07
0.03
0.01
0.03
0.06
0.10
0.02
-0.00
-0.34
-0.39
-0.29
-0.14
-0.09
0.00
0.21
0.33
0.34
-0.00
-0.26
-0.46
-0.55
-0.57
-0.59
-0.68
-0.94
-0.89
-0.68
-0.45
-0.30
-0.18
0.00
0.38
0.40
0.36
0.34
0.34
0.22
0.12
0.08
0.09
0.12
0.12
0.13
0.18
0.22
0.26
0.27
0.27
0.28
0.33
0.30
0.22
0.16
0.15
0.17
0.26
0.35
0.46
0.51
0.46
0.41
0.47
0.43
0.29
0.12
-0.00
-0.11
-0.12
-0.05
0.00
0.10
0.22
0.28
0.21
-0.00
-0.29
-0.24
-0.09
0.00
0.26
0.53
0.55
0.56
0.59
0.62
0.53
0.10
-0.00
-0.08
-0.16
-0.20
-0.13
0.00
0.15
0.11
-0.00
-0.18
-0.17
-0.02
0.05
-0.00
-0.03
0.00
0.23
0.28
0.12
0.02
-0.00
-0.19
-0.31
-0.40
-0.49
-0.49
-0.41
-0.26
-0.10
0.00
0.02
0.03
0.07
0.03
-0.00
-0.30
-0.47
-0.68
-0.73
-0.78
-0.80
-0.71
-0.51
-0.06
0.00
0.00
0.05
0.17
0.25
0.11
0.12
0.27
0.41
0.39
0.23
0.08
0.18
0.35
0.45
0.44
0.33
0.18
-0.00
-0.28
-0.43
-0.54
-0.64
-0.73
-0.70
-0.53
-0.28
-0.03
0.00
0.27
0.32
0.31
0.26
0.20
0.14
0.11
0.09
0.06
0.17
0.33
0.44
0.47
0.43
0.19
0.09
0.05
0.10
0.17
0.20
0.07
-0.00
-0.08
-0.04
0.00
0.07
0.07
0.10
0.22
0.36
0.41
0.29
0.07
-0.26
-0.24
-0.15
-0.13
-0.20
-0.28
-0.19
-0.04
0.00
0.14
0.06
-0.00
-0.15
-0.07
-0.02
-0.07
-0.14
-0.15
-0.09
-0.13
-0.24
-0.31
-0.33
-0.31
-0.22
-0.03
-0.18
-0.45
-0.60
-0.53
-0.42
-0.47
-0.34
-0.05
0.00
0.26
0.24
0.52
0.78
0.93
0.91
0.71
0.44
0.24
0.25
0.23
0.03
-0.00
-0.47
-0.50
-0.46
-0.49
-0.45
-0.32
-0.14
-0.00
-0.00
-0.14
-0.15
-0.11
-0.02
0.00
0.39
0.53
0.53
0.61
0.73
0.78
0.73
0.39
0.24
0.17
0.13
0.07
-0.00
-0.11
-0.08
0.00
0.12
0.13
-0.00
-0.23
-0.12
-0.02
0.00
-0.00
-0.09
-0.12
-0.06
-0.13
-0.32
-0.52
-0.55
-0.35
0.00
0.32
0.38
0.48
0.63
0.76
0.62
0.42
0.31
0.28
0.21
0.05
-0.26
-0.27
-0.20
-0.14
-0.08
0.00
0.19
0.26
0.09
-0.00
-0.05
0.00
0.11
0.24
0.33
0.35
0.27
0.16
0.07
-0.16
-0.31
-0.30
-0.14
-0.01
-0.00
-0.06
-0.21
-0.34
-0.44
-0.44
-0.38
-0.33
-0.39
-0.50
-0.55
-0.51
-0.40
-0.29
-0.18
-0.17
-0.12
-0.02
0.00
-0.00
-0.14
-0.07
0.00
-0.00
-0.11
-0.20
-0.23
-0.32
-0.45
-0.50
-0.46
-0.37
-0.31
-0.35
-0.42
-0.49
-0.51
-0.47
-0.36
-0.13
-0.05
0.00
0.05
0.07
0.14
0.43
0.42
0.27
0.14
0.12
0.15
0.10
-0.12
-0.10
-0.01
0.00
0.02
0.02
-0.00
-0.13
-0.13
-0.03
0.00
0.33
0.53
0.47
0.33
0.25
0.32
0.46
0.52
0.39
0.33
0.27
0.20
0.12
0.07
0.22
0.29
0.23
0.08
-0.00
-0.22
-0.13
0.00
0.28
0.38
0.44
0.53
0.71
0.60
0.37
0.20
0.18
0.21
0.15
0.02
0.06
0.02
-0.00
-0.19
-0.13
-0.03
-0.13
-0.17
-0.05
0.00
0.23
0.17
0.13
0.03
-0.00
-0.21
-0.20
-0.05
0.00
0.06
0.03
-0.00
-0.25
-0.37
-0.28
-0.17
-0.19
-0.32
-0.38
-0.24
0.00
-0.00
-0.17
-0.28
-0.32
-0.33
-0.31
-0.21
-0.08
-0.00
-0.05
-0.23
-0.41
-0.45
-0.31
-0.17
-0.11
-0.09
-0.03
0.30
0.45
0.47
0.39
0.29
0.25
0.06
-0.00
-0.32
-0.41
-0.47
-0.52
-0.43
-0.31
-0.17
-0.05
0.00
0.06
0.09
0.06
0.06
0.16
0.33
0.49
0.58
0.44
0.31
0.25
0.24
0.24
0.20
0.09
0.09
0.10
0.07
-0.00
-0.05
0.16
0.26
0.30
0.31
0.33
0.33
0.24
-0.00
-0.11
-0.07
-0.03
0.00
0.08
0.30
0.38
0.39
0.32
0.21
0.10
0.03
0.06
0.06
0.00
-0.00
0.00
0.14
0.31
0.27
0.27
0.27
0.18
-0.00
-0.50
-0.46
-0.34
-0.33
-0.39
-0.35
-0.09
-0.09
-0.20
-0.34
-0.47
-0.53
-0.61
-0.61
-0.53
-0.39
-0.26
-0.16
-0.08
0.14
0.24
0.38
0.57
0.74
0.78
0.45
0.32
0.30
0.30
0.20
0.07
-0.00
-0.01
-0.09
-0.28
-0.51
-0.66
-0.68
-0.59
-0.53
-0.33
-0.02
0.00
0.41
0.08
-0.00
-0.07
0.00
0.27
0.29
0.03
-0.00
0.00
0.23
0.36
0.40
0.37
0.33
0.30
0.28
0.27
0.21
0.06
-0.06
0.00
0.03
-0.00
-0.13
-0.15
-0.02
0.00
0.06
0.02
-0.00
-0.14
-0.43
-0.45
-0.41
-0.39
-0.38
-0.25
0.00
0.12
0.11
0.22
0.42
0.52
0.41
-0.00
-0.19
-0.22
-0.34
-0.52
-0.59
-0.33
-0.26
-0.30
-0.41
-0.47
-0.46
-0.34
-0.23
-0.07
0.00
0.12
0.16
0.22
0.67
0.92
1.07
1.10
0.99
0.74
0.18
0.10
0.10
0.06
-0.00
-0.18
-0.47
-0.58
-0.62
-0.62
-0.60
-0.54
-0.21
0.00
0.17
0.16
0.05
0.07
0.32
0.74
0.69
0.66
0.75
0.88
0.91
0.82
0.82
0.75
0.52
0.26
0.22
0.42
0.33
0.19
0.08
0.00
-0.00
-0.14
-0.05
0.00
0.03
-0.00
-0.27
-0.36
-0.29
-0.27
-0.23
-0.10
0.00
0.30
0.38
0.37
0.35
0.30
0.15
-0.00
-0.36
-0.40
-0.46
-0.52
-0.50
-0.40
-0.23
-0.28
-0.43
-0.62
-0.70
-0.59
-0.41
-0.41
-0.61
-0.76
-0.77
-0.65
